1.315605565074015431e+02
8.910689319130028707e+01
7.250185569059635782e+01
7.191115694076665932e+01
7.035765036321211596e+01
7.181349432114954823e+01
6.800144128506575214e+01
6.615847881534395469e+01
6.216769640413802023e+01
6.158550945566336310e+01
6.005967801124670302e+01
6.023888007235991182e+01
5.872784571368936213e+01
5.771854056555764600e+01
5.577933269165027497e+01
5.461340573646343444e+01
5.310404147916416662e+01
5.225579306744984365e+01
5.112850473363025827e+01
5.003300734766168034e+01
4.877388615760818880e+01
4.737856743441172114e+01
4.577089324684636296e+01
4.406495371133780026e+01
4.237079511379067043e+01
4.057879776330744903e+01
3.945369300285932468e+01
3.872270524429173832e+01
3.897944859917553373e+01
4.110026303479050824e+01
4.671227172096389779e+01
3.782548880559637183e+01
